0S,0C
1014 1
1014 1
26034 1
2266 1
2883 1
5765 1
6215 1
5765 1
2165 1
136483 1
30711 1
73572 1
44129 1
18838 1
105553 1
100728 1
44326 1
182587 1
7365 1
85032 1
2167 1
15833 1
2715 1
96143 1
3325 1
2726 1
5315 1
16775 1
48609 1
88025 1
42880 1
19747 1
73450 1
18875 1
29990 1
87248 1
105024 1
107791 1
63949 1
23850 1
36447 1
15679 1
20055 1
27741 1
132777 1
26213 1
20326 1
19705 1
53543 1
28140 1
6713 1
3054 1
80165 1
36873 1
60347 1
34244 1
36438 1
63257 1
9021 1
74132 1
65379 1
36054 1
28702 1
24537 1
37711 1
106005 1
100001 1
16258 1
42198 1
47047 1
25865 1
26787 1
136441 1
84074 1
19713 1
38718 1
2717 1
128707 1
69062 1
16884 1
16794 1
25065 1
74252 1
61422 1
30514 1
106512 1
64126 1
82610 1
52232 1
137015 1
19706 1
69719 1
28651 1
36817 1
155494 1
36077 1
62822 1
53020 1
8998 1
33888 1
74230 1
100784 1
144780 1
7292 1
24579 1
28932 1
50234 1
27310 1
106632 1
48145 1
30808 1
51722 1
40612 1
40972 1
22406 1
75932 1
62771 1
1843 1
1825 1
65660 1
86205 1
133256 1
19704 1
31303 1
22780 1
92625 1
27233 1
6370 1
106657 1
65333 1
36776 1
15633 1
74524 1
9021 1
19594 1
19627 1
21055 1
19792 1
20970 1
19735 1
18067 1
19369 1
104871 1
21637 1
81774 1
5237 1
50498 1
28437 1
57435 1
20348 1
136232 1
8543 1
19716 1
88552 1
164459 1
60726 1
54360 1
42531 1
79619 1
16773 1
74920 1
48215 1
87124 1
26564 1
30555 1
105428 1
17060 1
37205 1
136954 1
16616 1
15330 1
15334 1
22094 1
137495 1
78391 1
74500 1
44343 1
39873 1
105238 1
87613 1
42513 1
182725 1
100319 1
128385 1
26702 1
19473 1
92533 1
2593 1
19743 1
8545 1
40301 1
74598 1
29306 1
69190 1
15823 1
85240 1
105992 1
32975 1
40287 1
19527 1
8788 1
107884 1
43895 1
69157 1
106897 1
30580 1
36837 1
9612 1
138621 1
19710 1
59548 1
15995 1
30555 1
22657 1
2671 1
78874 1
6859 1
930 1
2965 1
19296 1
58647 1
32258 1
46347 1
74515 1
29789 1
105408 1
58979 1
28235 1
104212 1
20575 1
37862 1
35483 1
31338 1
43843 1
137960 1
57461 1
72761 1
19715 1
25193 1
38696 1
42603 1
36498 1
64570 1
58092 1
87899 1
61740 1
20771 1
16718 1
8631 1
19384 1
118523 1
97588 1
119740 1
144811 1
85293 1
105653 1
84891 1
90290 1
8774 1
75809 1
19714 1
1427 1
50964 1
18353 1
31971 1
156896 1
28496 1
54274 1
730 1
16930 1
33887 1
92636 1
74013 1
19392 1
28507 1
111229 1
14631 1
48496 1
30104 1
105466 1
35866 1
39392 1
31436 1
86274 1
84832 1
19710 1
31618 1
188061 1
105648 1
42805 1
93530 1
30538 1
90069 1
19474 1
25583 1
22516 1
98061 1
106181 1
20730 1
43482 1
9456 1
20777 1
91152 1
107221 1
42078 1
19420 1
96666 1
40957 1
7237 1
67035 1
218490 1
91377 1
7651 1
87198 1
106366 1
19727 1
110805 1
8197 1
75742 1
19704 1
84531 1
24204 1
110452 1
79774 1
84637 1
105301 1
21061 1
59143 1
1469 1
75146 1
19407 1
6829 1
39809 1
86233 1
156799 1
105461 1
26088 1
29043 1
90171 1
8684 1
74952 1
21105 1
41528 1
127609 1
14080 1
39789 1
41472 1
8250 1
9589 1
182435 1
130414 1
105215 1
59127 1
84723 1
139547 1
15764 1
105347 1
41850 1
68855 1
95712 1
26823 1
15805 1
91146 1
25587 1
19891 1
93195 1
21484 1
20502 1
19746 1
8399 1
8275 1
104407 1
19407 1
46491 1
127175 1
14725 1
73078 1
94540 1
64008 1
26998 1
37727 1
124419 1
19722 1
107010 1
44799 1
129413 1
19347 1
1844 1
1835 1
1825 1
1831 1
108329 1
84046 1
32108 1
27583 1
8270 1
7753 1
106337 1
57508 1
75090 1
1432 1
53466 1
124416 1
8276 1
84730 1
11541 1
224966 1
13119 1
15780 1
65227 1
105834 1
20224 1
37178 1
61950 1
88778 1
83139 1
79082 1
19603 1
67302 1
51970 1
28366 1
43384 1
137365 1
61120 1
38910 1
41047 1
65636 1
742 1
144722 1
8718 1
31215 1
31333 1
95230 1
35044 1
35483 1
67809 1
14781 1
18761 1
72028 1
63965 1
56854 1
78690 1
19597 1
43937 1
39331 1
105243 1
63513 1
90624 1
33053 1
137347 1
83081 1
62831 1
91499 1
40590 1
41098 1
1038 1
1038 1
1038 1
4411 1
129925 1
108328 1
21634 1
66543 1
7004 1
55033 1
78090 1
24835 1
37790 1
6048 1
1997 1
24633 1
105620 1
20807 1
24476 1
24369 1
137024 1
42017 1
17541 1
8653 1
15285 1
67025 1
10215 1
15494 1
84648 1
22888 1
144121 1
99856 1
29167 1
7061 1
155370 1
27638 1
105263 1
73778 1
2574 1
34556 1
19398 1
42454 1
105205 1
36305 1
61088 1
32663 1
53694 1
28273 1
79756 1
132979 1
832 1
83486 1
73330 1
9579 1
3623 1
3171 1
5395 1
2988 1
6049 1
9899 1
3134 1
6323 1
5717 1
9528 1
6291 1
3239 1
5597 1
29007 1
6109 1
9473 1
3043 1
6198 1
23526 1
5626 1
56799 1
5355 1
3044 1
4820 1
6150 1
3141 1
2656 1
4938 1
3783 1
7128 1
2758 1
3182 1
3382 1
2667 1
6146 1
55547 1
1084 1
3080 1
6056 1
5292 1
5645 1
10109 1
2407 1
3048 1
31168 1
54117 1
66787 1
10473 1
1360736 1
73418 1
106642 1
12884 1
36069 1
105324 1
